4.000000189989805222e-03 8.404846875000000000e+04
4.984924569725990295e-03 8.380166406250000000e+04
5.969849415123462677e-03 8.350167968750000000e+04
6.954773794859647751e-03 8.314895312500000000e+04
7.939698174595832825e-03 8.274405468750000000e+04
8.924623019993305206e-03 8.228782812500000000e+04
9.909547865390777588e-03 8.178089843750000000e+04
1.089447271078824997e-02 8.122413281250000000e+04
1.187939662486314774e-02 8.061850000000000000e+04
1.286432147026062012e-02 7.996504687500000000e+04
1.384924631565809250e-02 7.926489062500000000e+04
1.483417116105556488e-02 7.851907812500000000e+04
1.581909507513046265e-02 7.772896875000000000e+04
1.680402085185050964e-02 7.689583593750000000e+04
1.778894476592540741e-02 7.602108593750000000e+04
1.877386868000030518e-02 7.510604687500000000e+04
1.975879445672035217e-02 7.415230468750000000e+04
2.074371837079524994e-02 7.316142968750000000e+04
2.172864228487014771e-02 7.213493750000000000e+04
2.271356806159019470e-02 7.107453906250000000e+04
2.369849197566509247e-02 6.998189062500000000e+04
2.468341775238513947e-02 6.885866406250000000e+04
2.566834166646003723e-02 6.770673437500000000e+04
2.665326558053493500e-02 6.652780468750000000e+04
2.763819135725498199e-02 6.532371875000000000e+04
2.862311527132987976e-02 6.409637109375000000e+04
2.960804104804992676e-02 6.284756250000000000e+04
3.059296496212482452e-02 6.157912890625000000e+04
3.157788887619972229e-02 6.029307031250000000e+04
3.256281465291976929e-02 5.899116796875000000e+04
3.354774042963981628e-02 5.767533593750000000e+04
3.453266248106956482e-02 5.634746875000000000e+04
3.551758825778961182e-02 5.500946875000000000e+04
3.650251403450965881e-02 5.366312500000000000e+04
3.748743608593940735e-02 5.231036718750000000e+04
3.847236186265945435e-02 5.095302734375000000e+04
3.945728763937950134e-02 4.959288281250000000e+04
4.044220969080924988e-02 4.823168359375000000e+04
4.142713546752929688e-02 4.687128906250000000e+04
4.241206124424934387e-02 4.551333593750000000e+04
4.339698329567909241e-02 4.415946484375000000e+04
4.438190907239913940e-02 4.281144140625000000e+04
4.536683484911918640e-02 4.147083203125000000e+04
4.635176062583923340e-02 4.013917578125000000e+04
4.733668267726898193e-02 3.881792968750000000e+04
4.832160845398902893e-02 3.750860546875000000e+04
4.930653423070907593e-02 3.621259765625000000e+04
5.029145628213882446e-02 3.493130078125000000e+04
5.127638205885887146e-02 3.366592968750000000e+04
5.226130783557891846e-02 3.241775781250000000e+04
5.324622988700866699e-02 3.118797070312500000e+04
5.423115566372871399e-02 2.997766015625000000e+04
5.521608144044876099e-02 2.878785742187500000e+04
5.620100349187850952e-02 2.761961718750000000e+04
5.718592926859855652e-02 2.647377539062500000e+04
5.817085504531860352e-02 2.535123046875000000e+04
5.915577709674835205e-02 2.425275781250000000e+04
6.014070287346839905e-02 2.317907812500000000e+04
6.112562865018844604e-02 2.213083984375000000e+04
6.211055442690849304e-02 2.110867382812500000e+04
6.309548020362854004e-02 2.011304687500000000e+04
6.408040225505828857e-02 1.914445898437500000e+04
6.506532430648803711e-02 1.820328125000000000e+04
6.605025380849838257e-02 1.728983984375000000e+04
6.703517585992813110e-02 1.640438867187500000e+04
6.802009791135787964e-02 1.554717089843750000e+04
6.900502741336822510e-02 1.471829199218750000e+04
6.998994946479797363e-02 1.391783789062500000e+04
7.097487151622772217e-02 1.314584960937500000e+04
7.195980101823806763e-02 1.240224804687500000e+04
7.294472306966781616e-02 1.168701367187500000e+04
7.392964512109756470e-02 1.099995800781250000e+04
7.491457462310791016e-02 1.034089257812500000e+04
7.589949667453765869e-02 9.709592773437500000e+03
7.688441872596740723e-02 9.105744140625000000e+03
7.786934822797775269e-02 8.529027343750000000e+03
7.885427027940750122e-02 7.979061523437500000e+03
7.983919233083724976e-02 7.455438964843750000e+03
8.082412183284759521e-02 6.957694335937500000e+03
8.180904388427734375e-02 6.485336425781250000e+03
8.279397338628768921e-02 6.037859863281250000e+03
8.377889543771743774e-02 5.614682617187500000e+03
8.476381748914718628e-02 5.215241699218750000e+03
8.574874699115753174e-02 4.838911621093750000e+03
8.673366904258728027e-02 4.485073730468750000e+03
8.771859109401702881e-02 4.153073242187500000e+03
8.870352059602737427e-02 3.842230468750000000e+03
8.968844264745712280e-02 3.551862548828125000e+03
9.067336469888687134e-02 3.281279296875000000e+03
9.165829420089721680e-02 3.029745605468750000e+03
9.264321625232696533e-02 2.796558349609375000e+03
9.362813830375671387e-02 2.580979003906250000e+03
9.461306780576705933e-02 2.382276367187500000e+03
9.559798985719680786e-02 2.199717285156250000e+03
9.658291190862655640e-02 2.032563476562500000e+03
9.756784141063690186e-02 1.880079956054687500e+03
9.855276346206665039e-02 1.741537841796875000e+03
9.953768551349639893e-02 1.616207885742187500e+03
1.005226150155067444e-01 1.503373535156250000e+03
1.015075370669364929e-01 1.402328247070312500e+03
1.024924591183662415e-01 1.312369995117187500e+03
1.034773886203765869e-01 1.232810180664062500e+03
1.044623106718063354e-01 1.162974975585937500e+03
1.054472327232360840e-01 1.102205322265625000e+03
1.064321622252464294e-01 1.049858032226562500e+03
1.074170842766761780e-01 1.005304626464843750e+03
1.084020063281059265e-01 9.679335937500000000e+02
1.093869358301162720e-01 9.371580200195312500e+02
1.103718578815460205e-01 9.124076538085937500e+02
1.113567873835563660e-01 8.931279296875000000e+02
1.123417094349861145e-01 8.787923583984375000e+02
1.133266314864158630e-01 8.688912963867187500e+02
1.143115609884262085e-01 8.629390869140625000e+02
1.152964830398559570e-01 8.604708862304687500e+02
1.162814050912857056e-01 8.610433959960937500e+02
1.172663345932960510e-01 8.642404174804687500e+02
1.182512566447257996e-01 8.696657714843750000e+02
1.192361786961555481e-01 8.769435424804687500e+02
1.202211081981658936e-01 8.857274780273437500e+02
1.212060302495956421e-01 8.956817626953125000e+02
1.221909523010253906e-01 9.065077514648437500e+02
1.231758818030357361e-01 9.179173583984375000e+02
1.241608038544654846e-01 9.296488037109375000e+02
1.251457333564758301e-01 9.414651489257812500e+02
1.261306554079055786e-01 9.531408081054687500e+02
1.271155774593353271e-01 9.644790649414062500e+02
1.281004995107650757e-01 9.752973632812500000e+02
1.290854215621948242e-01 9.854390869140625000e+02
1.300703585147857666e-01 9.947583007812500000e+02
1.310552805662155151e-01 1.003133544921875000e+03
1.320402026176452637e-01 1.010455688476562500e+03
1.330251246690750122e-01 1.016633483886718750e+03
1.340100467205047607e-01 1.021594787597656250e+03
1.349949687719345093e-01 1.025275024414062500e+03
1.359799057245254517e-01 1.027631835937500000e+03
1.369648277759552002e-01 1.028629028320312500e+03
1.379497498273849487e-01 1.028247924804687500e+03
1.389346718788146973e-01 1.026478881835937500e+03
1.399195939302444458e-01 1.023324768066406250e+03
1.409045159816741943e-01 1.018800476074218750e+03
1.418894529342651367e-01 1.012925720214843750e+03
1.428743749856948853e-01 1.005727905273437500e+03
1.438592970371246338e-01 9.972479858398437500e+02
1.448442190885543823e-01 9.875295410156250000e+02
1.458291411399841309e-01 9.766240234375000000e+02
1.468140631914138794e-01 9.645856323242187500e+02
1.477990001440048218e-01 9.514768676757812500e+02
1.487839221954345703e-01 9.373645019531250000e+02
1.497688442468643188e-01 9.223143310546875000e+02
1.507537662982940674e-01 9.063976440429687500e+02
1.517386883497238159e-01 8.896904296875000000e+02
1.527236253023147583e-01 8.722653198242187500e+02
1.537085473537445068e-01 8.541996459960937500e+02
1.546934694051742554e-01 8.355662231445312500e+02
1.556783914566040039e-01 8.164463500976562500e+02
1.566633135080337524e-01 7.969138183593750000e+02
1.576482355594635010e-01 7.770444335937500000e+02
1.586331725120544434e-01 7.569108276367187500e+02
1.596180945634841919e-01 7.365862426757812500e+02
1.606030166149139404e-01 7.161405639648437500e+02
1.615879386663436890e-01 6.956422119140625000e+02
1.625728607177734375e-01 6.751536254882812500e+02
1.635577827692031860e-01 6.547415771484375000e+02
1.645427197217941284e-01 6.344639892578125000e+02
1.655276417732238770e-01 6.143783569335937500e+02
1.665125638246536255e-01 5.945366210937500000e+02
1.674974858760833740e-01 5.749898071289062500e+02
1.684824079275131226e-01 5.557827148437500000e+02
1.694673299789428711e-01 5.369593505859375000e+02
1.704522669315338135e-01 5.185581665039062500e+02
1.714371889829635620e-01 5.006171569824218750e+02
1.724221110343933105e-01 4.831658935546875000e+02
1.734070330858230591e-01 4.662322082519531250e+02
1.743919551372528076e-01 4.498423767089843750e+02
1.753768771886825562e-01 4.340176696777343750e+02
1.763618141412734985e-01 4.187738952636718750e+02
1.773467361927032471e-01 4.041275634765625000e+02
1.783316582441329956e-01 3.900898437500000000e+02
1.793165802955627441e-01 3.766680603027343750e+02
1.803015023469924927e-01 3.638670349121093750e+02
1.812864392995834351e-01 3.516902465820312500e+02
1.822713613510131836e-01 3.401357727050781250e+02
1.832562834024429321e-01 3.292023620605468750e+02
1.842412054538726807e-01 3.188811340332031250e+02
1.852261275053024292e-01 3.091673889160156250e+02
1.862110495567321777e-01 3.000500183105468750e+02
1.871959865093231201e-01 2.915158386230468750e+02
1.881809085607528687e-01 2.835545959472656250e+02
1.891658306121826172e-01 2.761485900878906250e+02
1.901507526636123657e-01 2.692814636230468750e+02
1.911356747150421143e-01 2.629356689453125000e+02
1.921205967664718628e-01 2.570929565429687500e+02
1.931055337190628052e-01 2.517314300537109375e+02
1.940904557704925537e-01 2.468303070068359375e+02
1.950753778219223022e-01 2.423706512451171875e+02
1.960602998733520508e-01 2.383292083740234375e+02
1.970452219247817993e-01 2.346826782226562500e+02
1.980301439762115479e-01 2.314100952148437500e+02
1.990150809288024902e-01 2.284876708984375000e+02
2.000000029802322388e-01 2.258933715820312500e+02
