4.000000189989805222e-03 3.445227776000000000e+09
4.984924569725990295e-03 1.382480512000000000e+09
5.969849415123462677e-03 3.596299520000000000e+08
6.954773794859647751e-03 7.022246400000000000e+07
7.939698174595832825e-03 1.388980640000000000e+08
8.924623019993305206e-03 3.014526720000000000e+08
9.909547865390777588e-03 4.290117440000000000e+08
1.089447271078824997e-02 4.744379520000000000e+08
1.187939662486314774e-02 4.293566400000000000e+08
1.286432147026062012e-02 3.144267520000000000e+08
1.384924631565809250e-02 1.755505280000000000e+08
1.483417116105556488e-02 6.446943200000000000e+07
1.581909507513046265e-02 1.282281500000000000e+07
1.680402085185050964e-02 2.026251400000000000e+07
1.778894476592540741e-02 6.265874000000000000e+07
1.877386868000030518e-02 1.094183600000000000e+08
1.975879445672035217e-02 1.371268320000000000e+08
2.074371837079524994e-02 1.354497920000000000e+08
2.172864228487014771e-02 1.074276400000000000e+08
2.271356806159019470e-02 6.610550800000000000e+07
2.369849197566509247e-02 2.818903000000000000e+07
2.468341775238513947e-02 6.660551000000000000e+06
2.566834166646003723e-02 5.801892500000000000e+06
2.665326558053493500e-02 2.084774800000000000e+07
2.763819135725498199e-02 4.155304800000000000e+07
2.862311527132987976e-02 5.720190800000000000e+07
2.960804104804992676e-02 6.085438400000000000e+07
3.059296496212482452e-02 5.157720800000000000e+07
3.157788887619972229e-02 3.408522000000000000e+07
3.256281465291976929e-02 1.603471900000000000e+07
3.354774042963981628e-02 4.294126500000000000e+06
3.453266248106956482e-02 2.093447750000000000e+06
3.551758825778961182e-02 8.269338000000000000e+06
3.650251403450965881e-02 1.848844800000000000e+07
3.748743608593940735e-02 2.745689400000000000e+07
3.847236186265945435e-02 3.110368800000000000e+07
3.945728763937950134e-02 2.804623400000000000e+07
4.044220969080924988e-02 1.989740400000000000e+07
4.142713546752929688e-02 1.029974100000000000e+07
4.241206124424934387e-02 3.123834750000000000e+06
4.339698329567909241e-02 7.283339375000000000e+05
4.438190907239913940e-02 3.115319000000000000e+06
4.536683484911918640e-02 8.253530000000000000e+06
4.635176062583923340e-02 1.323592500000000000e+07
4.733668267726898193e-02 1.564524000000000000e+07
4.832160845398902893e-02 1.453019200000000000e+07
4.930653423070907593e-02 1.062277600000000000e+07
5.029145628213882446e-02 5.773030000000000000e+06
5.127638205885887146e-02 1.953740000000000000e+06
5.226130783557891846e-02 3.782736250000000000e+05
5.324622988700866699e-02 1.128920875000000000e+06
5.423115566372871399e-02 3.338051750000000000e+06
5.521608144044876099e-02 5.702593500000000000e+06
5.620100349187850952e-02 7.071989500000000000e+06
5.718592926859855652e-02 6.897683000000000000e+06
5.817085504531860352e-02 5.376086000000000000e+06
5.915577709674835205e-02 3.241067500000000000e+06
6.014070287346839905e-02 1.358901875000000000e+06
6.112562865018844604e-02 3.604765312500000000e+05
6.211055442690849304e-02 4.426728750000000000e+05
6.309548020362854004e-02 1.353510000000000000e+06
6.408040225505828857e-02 2.536616500000000000e+06
6.506532430648803711e-02 3.385072000000000000e+06
6.605025380849838257e-02 3.508801250000000000e+06
6.703517585992813110e-02 2.895131500000000000e+06
6.802009791135787964e-02 1.873618375000000000e+06
6.900502741336822510e-02 9.070972500000000000e+05
6.998994946479797363e-02 3.515592187500000000e+05
7.097487151622772217e-02 3.226628437500000000e+05
7.195980101823806763e-02 7.002963750000000000e+05
7.294472306966781616e-02 1.233311000000000000e+06
7.392964512109756470e-02 1.683238750000000000e+06
7.491457462310791016e-02 1.928568000000000000e+06
7.589949667453765869e-02 1.978290750000000000e+06
7.688441872596740723e-02 1.908362875000000000e+06
7.786934822797775269e-02 1.785060125000000000e+06
7.885427027940750122e-02 1.643536500000000000e+06
7.983919233083724976e-02 1.521456875000000000e+06
8.082412183284759521e-02 1.470421750000000000e+06
8.180904388427734375e-02 1.507164375000000000e+06
8.279397338628768921e-02 1.568694875000000000e+06
8.377889543771743774e-02 1.544239250000000000e+06
8.476381748914718628e-02 1.367683500000000000e+06
8.574874699115753174e-02 1.078163875000000000e+06
8.673366904258728027e-02 7.821412500000000000e+05
8.771859109401702881e-02 5.615677500000000000e+05
8.870352059602737427e-02 4.311117187500000000e+05
8.968844264745712280e-02 3.710913437500000000e+05
9.067336469888687134e-02 3.689085625000000000e+05
9.165829420089721680e-02 4.126972187500000000e+05
9.264321625232696533e-02 4.619507500000000000e+05
9.362813830375671387e-02 4.565176250000000000e+05
9.461306780576705933e-02 3.692968750000000000e+05
9.559798985719680786e-02 2.394166093750000000e+05
9.658291190862655640e-02 1.403023437500000000e+05
9.756784141063690186e-02 1.148207500000000000e+05
9.855276346206665039e-02 1.453963750000000000e+05
9.953768551349639893e-02 1.830149375000000000e+05
1.005226150155067444e-01 1.952485468750000000e+05
1.015075370669364929e-01 1.836480937500000000e+05
1.024924591183662415e-01 1.650081250000000000e+05
1.034773886203765869e-01 1.477163906250000000e+05
1.044623106718063354e-01 1.278245312500000000e+05
1.054472327232360840e-01 1.011515546875000000e+05
1.064321622252464294e-01 7.299567187500000000e+04
1.074170842766761780e-01 5.503942187500000000e+04
1.084020063281059265e-01 5.472030859375000000e+04
1.093869358301162720e-01 6.861651562500000000e+04
1.103718578815460205e-01 8.523014062500000000e+04
1.113567873835563660e-01 9.347215625000000000e+04
1.123417094349861145e-01 8.942371093750000000e+04
1.133266314864158630e-01 7.685936718750000000e+04
1.143115609884262085e-01 6.282410546875000000e+04
1.152964830398559570e-01 5.270571875000000000e+04
1.162814050912857056e-01 4.784874609375000000e+04
1.172663345932960510e-01 4.604271093750000000e+04
1.182512566447257996e-01 4.391685546875000000e+04
1.192361786961555481e-01 3.974842187500000000e+04
1.202211081981658936e-01 3.461056640625000000e+04
1.212060302495956421e-01 3.093537109375000000e+04
1.221909523010253906e-01 3.007132421875000000e+04
1.231758818030357361e-01 3.115438281250000000e+04
1.241608038544654846e-01 3.229853710937500000e+04
1.251457333564758301e-01 3.262379492187500000e+04
1.261306554079055786e-01 3.263880664062500000e+04
1.271155774593353271e-01 3.304394140625000000e+04
1.281004995107650757e-01 3.391477343750000000e+04
1.290854215621948242e-01 3.502852734375000000e+04
1.300703585147857666e-01 3.640377343750000000e+04
1.310552805662155151e-01 3.795633984375000000e+04
1.320402026176452637e-01 3.894542968750000000e+04
1.330251246690750122e-01 3.859707421875000000e+04
1.340100467205047607e-01 3.738264843750000000e+04
1.349949687719345093e-01 3.725578515625000000e+04
1.359799057245254517e-01 4.004602343750000000e+04
1.369648277759552002e-01 4.538307421875000000e+04
1.379497498273849487e-01 5.053526562500000000e+04
1.389346718788146973e-01 5.237830859375000000e+04
1.399195939302444458e-01 4.979932812500000000e+04
1.409045159816741943e-01 4.468565234375000000e+04
1.418894529342651367e-01 4.038916796875000000e+04
1.428743749856948853e-01 3.888282421875000000e+04
1.438592970371246338e-01 3.926107421875000000e+04
1.448442190885543823e-01 3.915955859375000000e+04
1.458291411399841309e-01 3.795892968750000000e+04
1.468140631914138794e-01 3.790733593750000000e+04
1.477990001440048218e-01 4.110686328125000000e+04
1.487839221954345703e-01 4.562536328125000000e+04
1.497688442468643188e-01 4.593375000000000000e+04
1.507537662982940674e-01 3.878036718750000000e+04
1.517386883497238159e-01 2.897672656250000000e+04
1.527236253023147583e-01 2.838672070312500000e+04
1.537085473537445068e-01 4.795394531250000000e+04
1.546934694051742554e-01 8.909770312500000000e+04
1.556783914566040039e-01 1.415447031250000000e+05
1.566633135080337524e-01 1.890427656250000000e+05
1.576482355594635010e-01 2.178046093750000000e+05
1.586331725120544434e-01 2.221613437500000000e+05
1.596180945634841919e-01 2.054089062500000000e+05
1.606030166149139404e-01 1.765873593750000000e+05
1.615879386663436890e-01 1.458630937500000000e+05
1.625728607177734375e-01 1.208037343750000000e+05
1.635577827692031860e-01 1.043147656250000000e+05
1.645427197217941284e-01 9.476159375000000000e+04
1.655276417732238770e-01 8.805468750000000000e+04
1.665125638246536255e-01 8.035912500000000000e+04
1.674974858760833740e-01 7.005181250000000000e+04
1.684824079275131226e-01 5.811774609375000000e+04
1.694673299789428711e-01 4.706836718750000000e+04
1.704522669315338135e-01 3.927958984375000000e+04
1.714371889829635620e-01 3.565832812500000000e+04
1.724221110343933105e-01 3.525811328125000000e+04
1.734070330858230591e-01 3.596735546875000000e+04
1.743919551372528076e-01 3.569205078125000000e+04
1.753768771886825562e-01 3.326540234375000000e+04
1.763618141412734985e-01 2.870342773437500000e+04
1.773467361927032471e-01 2.296754492187500000e+04
1.783316582441329956e-01 1.754687695312500000e+04
1.793165802955627441e-01 1.391210058593750000e+04
1.803015023469924927e-01 1.286908984375000000e+04
1.812864392995834351e-01 1.412091406250000000e+04
1.822713613510131836e-01 1.638507617187500000e+04
1.832562834024429321e-01 1.806850390625000000e+04
1.842412054538726807e-01 1.807139453125000000e+04
1.852261275053024292e-01 1.620677441406250000e+04
1.862110495567321777e-01 1.309842773437500000e+04
1.871959865093231201e-01 9.788814453125000000e+03
1.881809085607528687e-01 7.339025390625000000e+03
1.891658306121826172e-01 6.485940917968750000e+03
1.901507526636123657e-01 7.332309082031250000e+03
1.911356747150421143e-01 9.229348632812500000e+03
1.921205967664718628e-01 1.106689746093750000e+04
1.931055337190628052e-01 1.187891503906250000e+04
1.940904557704925537e-01 1.133440332031250000e+04
1.950753778219223022e-01 9.776293945312500000e+03
1.960602998733520508e-01 7.905546386718750000e+03
1.970452219247817993e-01 6.423859375000000000e+03
1.980301439762115479e-01 5.806994628906250000e+03
1.990150809288024902e-01 6.188981445312500000e+03
2.000000029802322388e-01 7.315369140625000000e+03
